Version 0.9.7
5
 4 10 175 77 128 0 1
 5 80 400 206 81 2 2
 0 110 110 877 276 8 3
 1 217 408 206 81 144 4
 3 579 405 203 58 156 5
 0
22
 255 5 71 189 71 189 71 124 71 124 163 124 163 124 0 1 0 3
 255 5 71 228 71 228 97 228 97 371 163 371 163 371 0 1 0 3
 4194368 5 71 249 71 249 103 249 103 137 163 137 163 137 0 1 0 3
 4194368 5 71 288 71 288 86 288 86 358 163 358 163 358 0 1 0 3
 4194304 5 423 319 423 333 422 333 422 358 423 358 423 358 0 3 0 3
 255 5 332 124 332 124 332 124 332 124 332 176 332 176 0 3 0 3
 255 5 176 371 176 371 176 419 176 419 232 419 232 419 0 3 0 4
 0 5 232 477 232 477 189 477 189 477 189 358 189 358 0 4 0 3
 65535 5 406 419 406 430 500 430 500 166 397 166 397 176 0 4 0 3
 4259584 5 387 419 477 419 477 191 410 191 410 189 410 189 0 4 0 3
 16711935 5 368 419 368 393 463 393 463 202 423 202 423 202 0 4 0 3
 255 5 332 319 332 319 332 319 332 371 332 371 332 371 0 3 0 3
 255 5 371 319 371 319 371 319 371 371 371 371 371 371 0 3 0 3
 0 5 345 319 345 319 345 319 345 358 345 358 345 358 0 3 0 3
 0 5 358 319 358 319 358 319 358 358 358 358 358 358 0 3 0 3
 0 5 345 176 345 176 345 176 345 176 345 137 345 137 0 3 0 3
 0 5 358 176 358 176 358 176 358 137 358 137 358 137 0 3 0 3
 0 5 371 176 371 176 371 176 371 137 371 137 371 137 0 3 0 3
 0 5 384 176 384 176 384 176 384 137 384 137 384 137 0 3 0 3
 0 5 553 358 553 358 553 358 553 442 590 442 590 442 0 3 0 5
 16711680 5 765 449 802 449 802 387 384 387 384 319 384 319 0 5 0 3
 0 5 410 319 410 319 410 319 410 358 410 358 410 358 0 3 0 3
1
 7151 1 16 326 228 5 0 0 4214488 3
